6.050000000000000000e+02 4.130000000000000000e+02 1.255000114440917969e+00 -5.391149095563662286e+01 9.863702194724247363e+01 1.255000114440917969e+03 -5.391199514269828796e+01 9.863614290952682495e+01 1.255000114440917969e+03 1.260024158163268071e+00
6.050000000000000000e+02 4.130000000000000000e+02 1.249000072479248047e+00 -5.365374499670966202e+01 9.816544727258894909e+01 1.249000072479248047e+03 -5.365424603223800659e+01 9.816457331180572510e+01 1.249000072479248047e+03 1.254000096740005787e+00
6.050000000000000000e+02 4.130000000000000000e+02 1.254000067710876465e+00 -5.386853158884341042e+01 9.855842304503970297e+01 1.254000067710876465e+03 -5.386903509497642517e+01 9.855754673480987549e+01 1.254000067710876465e+03 1.259020108171164498e+00
6.050000000000000000e+02 4.130000000000000000e+02 1.253000020980834961e+00 -5.382557222205019798e+01 9.847982414283704600e+01 1.253000020980834961e+03 -5.382607504725456238e+01 9.847894310951232910e+01 1.253000020980834961e+03 1.258016057595821025e+00
6.050000000000000000e+02 4.130000000000000000e+02 1.261000037193298340e+00 -5.416923179364732022e+01 9.910858725261461188e+01 1.261000037193298340e+03 -5.416973680257797241e+01 9.910770505666732788e+01 1.261000037193298340e+03 1.266048099950534800e+00
6.050000000000000000e+02 4.130000000000000000e+02 1.254000067710876465e+00 -5.386853158884341042e+01 9.855842304503970297e+01 1.254000067710876465e+03 -5.386903509497642517e+01 9.855754673480987549e+01 1.254000067710876465e+03 1.259020108171164498e+00
6.050000000000000000e+02 4.130000000000000000e+02 1.251000046730041504e+00 -5.373965860938004369e+01 9.832263570771299044e+01 1.251000046730041504e+03 -5.374015867710113525e+01 9.832175821065902710e+01 1.251000046730041504e+03 1.256008077088217378e+00
6.050000000000000000e+02 4.130000000000000000e+02 1.246000051498413086e+00 -5.352487201724628818e+01 9.792965993526225077e+01 1.246000051498413086e+03 -5.352537333965301514e+01 9.792878478765487671e+01 1.246000051498413086e+03 1.250988065816450501e+00
6.050000000000000000e+02 4.130000000000000000e+02 1.254000067710876465e+00 -5.386853158884341042e+01 9.855842304503970297e+01 1.254000067710876465e+03 -5.386903509497642517e+01 9.855754673480987549e+01 1.254000067710876465e+03 1.259020108171164498e+00
6.050000000000000000e+02 4.130000000000000000e+02 1.247000098228454590e+00 -5.356783138403950772e+01 9.800825883746490774e+01 1.247000098228454590e+03 -5.356832966208457947e+01 9.800738096237182617e+01 1.247000098228454590e+03 1.251992115649162018e+00
6.050000000000000000e+02 4.130000000000000000e+02 1.253000020980834961e+00 -5.382557222205019798e+01 9.847982414283704600e+01 1.253000020980834961e+03 -5.382607504725456238e+01 9.847894310951232910e+01 1.253000020980834961e+03 1.258016057595821025e+00
6.050000000000000000e+02 4.130000000000000000e+02 1.253000020980834961e+00 -5.382557222205019798e+01 9.847982414283704600e+01 1.253000020980834961e+03 -5.382607504725456238e+01 9.847894310951232910e+01 1.253000020980834961e+03 1.258016057595821025e+00
6.050000000000000000e+02 4.130000000000000000e+02 1.260000109672546387e+00 -5.412627754777037836e+01 9.902999771969332699e+01 1.260000109672546387e+03 -5.412678420543670654e+01 9.902911633253097534e+01 1.260000109672546387e+03 1.265044169594426782e+00
6.050000000000000000e+02 4.130000000000000000e+02 1.264000058174133301e+00 -5.429810477311069405e+01 9.934437458994131021e+01 1.264000058174133301e+03 -5.429861322045326233e+01 9.934348613023757935e+01 1.264000058174133301e+03 1.269060130450242019e+00
6.050000000000000000e+02 4.130000000000000000e+02 1.253000020980834961e+00 -5.382557222205019798e+01 9.847982414283704600e+01 1.253000020980834961e+03 -5.382607504725456238e+01 9.847894310951232910e+01 1.253000020980834961e+03 1.258016057595821025e+00
