4.140000000000000000e+02 3.980000000000000000e+02 1.195000052452087402e+00 -4.057330536423360172e+02 6.608892056667571069e+01 1.195000052452087402e+03 -4.057335257530212402e+02 6.608808785676956177e+01 1.195000052452087402e+03 1.263729581293811854e+00
4.140000000000000000e+02 3.980000000000000000e+02 1.211000084877014160e+00 -4.111654734994073124e+02 6.697379489770641214e+01 1.211000084877014160e+03 -4.111659526824951172e+02 6.697294861078262329e+01 1.211000084877014160e+03 1.280649843658703491e+00
4.140000000000000000e+02 3.980000000000000000e+02 1.213000059127807617e+00 -4.118445158628911713e+02 6.708440254088171173e+01 1.213000059127807617e+03 -4.118449687957763672e+02 6.708355247974395752e+01 1.213000059127807617e+03 1.282764836117579854e+00
4.140000000000000000e+02 3.980000000000000000e+02 1.199000000953674316e+00 -4.070911383693038488e+02 6.631013585302630986e+01 1.199000000953674316e+03 -4.070915877819061279e+02 6.630929559469223022e+01 1.199000000953674316e+03 1.267959575779909809e+00
4.140000000000000000e+02 3.980000000000000000e+02 1.226000070571899414e+00 -4.162583519374366574e+02 6.780336211074248354e+01 1.226000070571899414e+03 -4.162588119506835938e+02 6.780250370502471924e+01 1.226000070571899414e+03 1.296512534099677261e+00
4.140000000000000000e+02 3.980000000000000000e+02 1.218000054359436035e+00 -4.135421420089010098e+02 6.736092494522706886e+01 1.218000054359436035e+03 -4.135425984859466553e+02 6.736007332801818848e+01 1.218000054359436035e+03 1.288052402917231554e+00
4.140000000000000000e+02 3.980000000000000000e+02 1.234000086784362793e+00 -4.189745618659722481e+02 6.824579927625777032e+01 1.234000086784362793e+03 -4.189750254154205322e+02 6.824493408203125000e+01 1.234000086784362793e+03 1.304972665282122968e+00
4.140000000000000000e+02 3.980000000000000000e+02 1.223000049591064453e+00 -4.152397681549106778e+02 6.763744734957241178e+01 1.223000049591064453e+03 -4.152402281761169434e+02 6.763659417629241943e+01 1.223000049591064453e+03 1.293339969716883253e+00
4.140000000000000000e+02 3.980000000000000000e+02 1.197000026702880859e+00 -4.064120960058199330e+02 6.619952820985101027e+01 1.197000026702880859e+03 -4.064125716686248779e+02 6.619869172573089600e+01 1.197000026702880859e+03 1.265844583321033445e+00
4.140000000000000000e+02 3.980000000000000000e+02 1.208000063896179199e+00 -4.101468897168813328e+02 6.680788013653648250e+01 1.208000063896179199e+03 -4.101473689079284668e+02 6.680703908205032349e+01 1.208000063896179199e+03 1.277477279275909483e+00
4.140000000000000000e+02 3.980000000000000000e+02 0.000000000000000000e+00 0.000000000000000000e+00 0.000000000000000000e+00 0.000000000000000000e+00 -0.000000000000000000e+00 0.000000000000000000e+00 0.000000000000000000e+00 0.000000000000000000e+00
4.140000000000000000e+02 3.980000000000000000e+02 1.215000033378601074e+00 -4.125235582263750871e+02 6.719501018405702553e+01 1.215000033378601074e+03 -4.125240147113800049e+02 6.719416379928588867e+01 1.215000033378601074e+03 1.284879838534437324e+00
4.140000000000000000e+02 3.980000000000000000e+02 1.221000075340270996e+00 -4.145607257914268189e+02 6.752683970639712641e+01 1.221000075340270996e+03 -4.145611822605133057e+02 6.752598285675048828e+01 1.221000075340270996e+03 1.291224967300025561e+00
4.140000000000000000e+02 3.980000000000000000e+02 1.221000075340270996e+00 -4.145607257914268189e+02 6.752683970639712641e+01 1.221000075340270996e+03 -4.145611822605133057e+02 6.752598285675048828e+01 1.221000075340270996e+03 1.291224967300025561e+00
4.140000000000000000e+02 3.980000000000000000e+02 1.214000105857849121e+00 -4.121840572819330646e+02 6.713970965887646969e+01 1.214000105857849121e+03 -4.121845364570617676e+02 6.713885813951492310e+01 1.214000105857849121e+03 1.283822408041497720e+00
