8.110000000000000000e+02 3.370000000000000000e+02 1.148000001907348633e+00 3.178829570180224096e+02 -4.524378534116572581e+01 1.148000001907348633e+03 3.178824484348297119e+02 -4.524457827210426331e+01 1.148000001907348633e+03 1.192057182883948352e+00
8.110000000000000000e+02 3.370000000000000000e+02 1.144000053405761719e+00 3.167753651578379390e+02 -4.508614351966674150e+01 1.144000053405761719e+03 3.167748749256134033e+02 -4.508693143725395203e+01 1.144000053405761719e+03 1.187903731353240344e+00
8.110000000000000000e+02 3.370000000000000000e+02 1.147000074386596680e+00 3.176060755575936696e+02 -4.520437723486739401e+01 1.147000074386596680e+03 3.176055848598480225e+02 -4.520516842603683472e+01 1.147000074386596680e+03 1.191018885420987328e+00
8.110000000000000000e+02 3.370000000000000000e+02 1.142000079154968262e+00 3.162215692277457606e+02 -4.500732260891724934e+01 1.142000079154968262e+03 3.162210881710052490e+02 -4.500811174511909485e+01 1.142000079154968262e+03 1.185827005729279904e+00
8.110000000000000000e+02 3.370000000000000000e+02 1.158000111579895020e+00 3.206520026869528124e+02 -4.563789929121894318e+01 1.158000111579895020e+03 3.206515014171600342e+02 -4.563869908452033997e+01 1.158000111579895020e+03 1.202441073248188719e+00
8.110000000000000000e+02 3.370000000000000000e+02 1.148000001907348633e+00 3.178829570180224096e+02 -4.524378534116572581e+01 1.148000001907348633e+03 3.178824484348297119e+02 -4.524457827210426331e+01 1.148000001907348633e+03 1.192057182883948352e+00
8.110000000000000000e+02 3.370000000000000000e+02 1.163000106811523438e+00 3.220365090168005509e+02 -4.583495391716907363e+01 1.163000106811523438e+03 3.220359981060028076e+02 -4.583575576543807983e+01 1.163000106811523438e+03 1.207632952939896143e+00
8.110000000000000000e+02 3.370000000000000000e+02 1.155000090599060059e+00 3.198212922871971386e+02 -4.551966557601829066e+01 1.155000090599060059e+03 3.198207914829254150e+02 -4.552046209573745728e+01 1.155000090599060059e+03 1.199325919180441735e+00
8.110000000000000000e+02 3.370000000000000000e+02 1.143000006675720215e+00 3.164984506881746711e+02 -4.504673071521558114e+01 1.143000006675720215e+03 3.164979517459869385e+02 -4.504751786589622498e+01 1.143000006675720215e+03 1.186865303050847364e+00
8.110000000000000000e+02 3.370000000000000000e+02 1.156000018119812012e+00 3.200981737476258218e+02 -4.555907368231661536e+01 1.156000018119812012e+03 3.200976848602294922e+02 -4.555987194180488586e+01 1.156000018119812012e+03 1.200364224590702467e+00
8.110000000000000000e+02 3.370000000000000000e+02 1.154000043869018555e+00 3.195443778175336433e+02 -4.548025277156713031e+01 1.154000043869018555e+03 3.195438683032989502e+02 -4.548104852437973022e+01 1.154000043869018555e+03 1.198287490878048756e+00
8.110000000000000000e+02 3.370000000000000000e+02 1.150000095367431641e+00 3.184367859573494002e+02 -4.532261095006814600e+01 1.150000095367431641e+03 3.184362947940826416e+02 -4.532340541481971741e+01 1.150000095367431641e+03 1.194134039488734311e+00
8.110000000000000000e+02 3.370000000000000000e+02 1.152000069618225098e+00 3.189905818874414081e+02 -4.540143186081763815e+01 1.152000069618225098e+03 3.189900815486907959e+02 -4.540222510695457458e+01 1.152000069618225098e+03 1.196210765112694752e+00
8.110000000000000000e+02 3.370000000000000000e+02 1.149000048637390137e+00 3.181598714876859049e+02 -4.528319814561688617e+01 1.149000048637390137e+03 3.181593716144561768e+02 -4.528399184346199036e+01 1.149000048637390137e+03 1.193095611186341332e+00
8.110000000000000000e+02 3.370000000000000000e+02 1.152999997138977051e+00 3.192674633478703754e+02 -4.544083996711586337e+01 1.152999997138977051e+03 3.192669749259948730e+02 -4.544163495302200317e+01 1.152999997138977051e+03 1.197249070522955483e+00
