8.030000000000000000e+02 5.280000000000000000e+02 2.513000011444091797e+00 6.646378047576957897e+02 6.462361240172841690e+02 2.513000011444091797e+03 6.646367311477661133e+02 6.462343335151672363e+02 2.513000011444091797e+03 2.678531287053146581e+00
8.030000000000000000e+02 5.280000000000000000e+02 2.517000198364257812e+00 6.656957734967058968e+02 6.472648010084742509e+02 2.517000198364257812e+03 6.656947135925292969e+02 6.472629904747009277e+02 2.517000198364257812e+03 2.682794965909435003e+00
8.030000000000000000e+02 5.280000000000000000e+02 2.617000102996826172e+00 6.921437308338709045e+02 6.729804995669924210e+02 2.617000102996826172e+03 6.921426057815551758e+02 6.729786396026611328e+02 2.617000102996826172e+03 2.789381862561117309e+00
8.030000000000000000e+02 5.280000000000000000e+02 2.533000230789184570e+00 6.699274592820330554e+02 6.513793250400493662e+02 2.533000230789184570e+03 6.699264049530029297e+02 6.513774991035461426e+02 2.533000230789184570e+03 2.699848922360232439e+00
8.030000000000000000e+02 5.280000000000000000e+02 0.000000000000000000e+00 0.000000000000000000e+00 0.000000000000000000e+00 0.000000000000000000e+00 0.000000000000000000e+00 0.000000000000000000e+00 0.000000000000000000e+00 0.000000000000000000e+00
8.030000000000000000e+02 5.280000000000000000e+02 0.000000000000000000e+00 0.000000000000000000e+00 0.000000000000000000e+00 0.000000000000000000e+00 0.000000000000000000e+00 0.000000000000000000e+00 0.000000000000000000e+00 0.000000000000000000e+00
8.030000000000000000e+02 5.280000000000000000e+02 2.536000013351440430e+00 6.707208412509343134e+02 6.521507408168492930e+02 2.536000013351440430e+03 6.707197427749633789e+02 6.521489620208740234e+02 2.536000013351440430e+03 2.703046301810518859e+00
8.030000000000000000e+02 5.280000000000000000e+02 2.597000122070312500e+00 6.868541393664380621e+02 6.678373598552888097e+02 2.597000122070312500e+03 6.868530511856079102e+02 6.678355336189270020e+02 2.597000122070312500e+03 2.768064494898966998e+00
8.030000000000000000e+02 5.280000000000000000e+02 0.000000000000000000e+00 0.000000000000000000e+00 0.000000000000000000e+00 0.000000000000000000e+00 0.000000000000000000e+00 0.000000000000000000e+00 0.000000000000000000e+00 0.000000000000000000e+00
8.030000000000000000e+02 5.280000000000000000e+02 2.556000232696533203e+00 6.760104957752715791e+02 6.572939418396144902e+02 2.556000232696533203e+03 6.760094165802001953e+02 6.572921276092529297e+02 2.556000232696533203e+03 2.724363937117604273e+00
8.030000000000000000e+02 5.280000000000000000e+02 2.576000213623046875e+00 6.813000872427045351e+02 6.624370815513182151e+02 2.576000213623046875e+03 6.812989711761474609e+02 6.624352335929870605e+02 2.576000213623046875e+03 2.745681304779754583e+00
8.030000000000000000e+02 5.280000000000000000e+02 2.563000202178955078e+00 6.778618464831828305e+02 6.590940346076046126e+02 2.563000202178955078e+03 6.778607368469238281e+02 6.590921878814697266e+02 2.563000202178955078e+03 2.731824981043698308e+00
8.030000000000000000e+02 5.280000000000000000e+02 2.500000000000000000e+00 6.611995639981740851e+02 6.428930770735705664e+02 2.500000000000000000e+03 6.611984968185424805e+02 6.428912878036499023e+02 2.500000000000000000e+03 2.664674963317090306e+00
8.030000000000000000e+02 5.280000000000000000e+02 2.590000152587890625e+00 6.850027886585269243e+02 6.660372670872985736e+02 2.590000152587890625e+03 6.850016713142395020e+02 6.660354137420654297e+02 2.590000152587890625e+03 2.760603421802407809e+00
8.030000000000000000e+02 5.280000000000000000e+02 0.000000000000000000e+00 0.000000000000000000e+00 0.000000000000000000e+00 0.000000000000000000e+00 0.000000000000000000e+00 0.000000000000000000e+00 0.000000000000000000e+00 0.000000000000000000e+00
