7.620000000000000000e+02 4.330000000000000000e+02 1.275000095367431641e+00 2.560437218132138923e+02 1.398031109144195341e+02 1.275000095367431641e+03 2.560431957244873047e+02 1.398022174835205078e+02 1.275000095367431641e+03 1.307948019332984657e+00
7.620000000000000000e+02 4.330000000000000000e+02 1.294000029563903809e+00 2.598592618147765734e+02 1.418864440196383612e+02 1.294000029563903809e+03 2.598587274551391602e+02 1.418855339288711548e+02 1.294000029563903809e+03 1.327438940021072655e+00
7.620000000000000000e+02 4.330000000000000000e+02 1.280000090599060059e+00 2.570478138072505772e+02 1.403513578443442213e+02 1.280000090599060059e+03 2.570472657680511475e+02 1.403504610061645508e+02 1.280000090599060059e+03 1.313077218093846810e+00
7.620000000000000000e+02 4.330000000000000000e+02 1.291000008583068848e+00 2.592568018304663156e+02 1.415574932474359002e+02 1.291000008583068848e+03 2.592562437057495117e+02 1.415565907955169678e+02 1.291000008583068848e+03 1.324361389674113099e+00
7.620000000000000000e+02 4.330000000000000000e+02 1.290000081062316895e+00 2.590559977953238899e+02 1.414478517041936811e+02 1.290000081062316895e+03 2.590554654598236084e+02 1.414469480514526367e+02 1.290000081062316895e+03 1.323335627283743987e+00
7.620000000000000000e+02 4.330000000000000000e+02 1.286000013351440430e+00 2.582527098364296307e+02 1.410092463175112130e+02 1.286000013351440430e+03 2.582521736621856689e+02 1.410083472728729248e+02 1.286000013351440430e+03 1.319232190913250724e+00
7.620000000000000000e+02 4.330000000000000000e+02 1.289000034332275391e+00 2.588551698207398886e+02 1.413381970897135602e+02 1.289000034332275391e+03 2.588546276092529297e+02 1.413372904062271118e+02 1.289000034332275391e+03 1.322309735426124178e+00
7.620000000000000000e+02 4.330000000000000000e+02 1.280000090599060059e+00 2.570478138072505772e+02 1.403513578443442213e+02 1.280000090599060059e+03 2.570472657680511475e+02 1.403504610061645508e+02 1.280000090599060059e+03 1.313077218093846810e+00
7.620000000000000000e+02 4.330000000000000000e+02 1.281000018119812012e+00 2.572486178423929459e+02 1.404609993875864404e+02 1.281000018119812012e+03 2.572480738162994385e+02 1.404601037502288818e+02 1.281000018119812012e+03 1.314102986318302246e+00
7.620000000000000000e+02 4.330000000000000000e+02 1.291000008583068848e+00 2.592568018304663156e+02 1.415574932474359002e+02 1.291000008583068848e+03 2.592562437057495117e+02 1.415565907955169678e+02 1.291000008583068848e+03 1.324361389674113099e+00
7.620000000000000000e+02 4.330000000000000000e+02 1.283000111579895020e+00 2.576502737915608918e+02 1.406803086165466823e+02 1.283000111579895020e+03 2.576497197151184082e+02 1.406794041395187378e+02 1.283000111579895020e+03 1.316154762606720263e+00
7.620000000000000000e+02 4.330000000000000000e+02 1.285000085830688477e+00 2.580519058012872051e+02 1.408996047742690223e+02 1.285000085830688477e+03 2.580513656139373779e+02 1.408987045288085938e+02 1.285000085830688477e+03 1.318206422688795509e+00
7.620000000000000000e+02 4.330000000000000000e+02 1.281000018119812012e+00 2.572486178423929459e+02 1.404609993875864404e+02 1.281000018119812012e+03 2.572480738162994385e+02 1.404601037502288818e+02 1.281000018119812012e+03 1.314102986318302246e+00
7.620000000000000000e+02 4.330000000000000000e+02 1.304000020027160645e+00 2.618674458028499998e+02 1.429829378794877357e+02 1.304000020027160645e+03 2.618668973445892334e+02 1.429820209741592407e+02 1.304000020027160645e+03 1.337697343376883508e+00
7.620000000000000000e+02 4.330000000000000000e+02 1.290000081062316895e+00 2.590559977953238899e+02 1.414478517041936811e+02 1.290000081062316895e+03 2.590554654598236084e+02 1.414469480514526367e+02 1.290000081062316895e+03 1.323335627283743987e+00
