4.240000000000000000e+02 2.950000000000000000e+02 7.800000309944152832e-01 -2.527187795480995192e+02 -8.160743390638648975e+01 7.800000309944152832e+02 -2.527190744876861572e+02 -8.160796761512756348e+01 7.800000309944152832e+02 8.239701689621251601e-01
4.240000000000000000e+02 2.950000000000000000e+02 7.410000562667846680e-01 -2.400828492610093861e+02 -7.752706501732595257e+01 7.410000562667846680e+02 -2.400831282138824463e+02 -7.752757519483566284e+01 7.410000562667846680e+02 7.827716887802805834e-01
4.240000000000000000e+02 2.950000000000000000e+02 7.430000305175781250e-01 -2.407308377631942164e+02 -7.773631214553185487e+01 7.430000305175781250e+02 -2.407311201095581055e+02 -7.773682475090026855e+01 7.430000305175781250e+02 7.848844064323591274e-01
4.240000000000000000e+02 2.950000000000000000e+02 7.470000386238098145e-01 -2.420268340793745949e+02 -7.815481263807433265e+01 7.470000386238098145e+02 -2.420271188020706177e+02 -7.815532386302947998e+01 7.470000386238098145e+02 7.891099027307539870e-01
4.240000000000000000e+02 2.950000000000000000e+02 7.470000386238098145e-01 -2.420268340793745949e+02 -7.815481263807433265e+01 7.470000386238098145e+02 -2.420271188020706177e+02 -7.815532386302947998e+01 7.470000386238098145e+02 7.891099027307539870e-01
4.240000000000000000e+02 2.950000000000000000e+02 7.470000386238098145e-01 -2.420268340793745949e+02 -7.815481263807433265e+01 7.470000386238098145e+02 -2.420271188020706177e+02 -7.815532386302947998e+01 7.470000386238098145e+02 7.891099027307539870e-01
4.240000000000000000e+02 2.950000000000000000e+02 7.450000643730163574e-01 -2.413788455771898214e+02 -7.794556550986844456e+01 7.450000643730163574e+02 -2.413791269063949585e+02 -7.794607430696487427e+01 7.450000643730163574e+02 7.869971850786754430e-01
4.240000000000000000e+02 2.950000000000000000e+02 7.410000562667846680e-01 -2.400828492610093861e+02 -7.752706501732595257e+01 7.410000562667846680e+02 -2.400831282138824463e+02 -7.752757519483566284e+01 7.410000562667846680e+02 7.827716887802805834e-01
4.240000000000000000e+02 2.950000000000000000e+02 7.470000386238098145e-01 -2.420268340793745949e+02 -7.815481263807433265e+01 7.470000386238098145e+02 -2.420271188020706177e+02 -7.815532386302947998e+01 7.470000386238098145e+02 7.891099027307539870e-01
4.240000000000000000e+02 2.950000000000000000e+02 7.470000386238098145e-01 -2.420268340793745949e+02 -7.815481263807433265e+01 7.470000386238098145e+02 -2.420271188020706177e+02 -7.815532386302947998e+01 7.470000386238098145e+02 7.891099027307539870e-01
4.240000000000000000e+02 2.950000000000000000e+02 7.460000514984130859e-01 -2.417028398282822081e+02 -7.805018907397139571e+01 7.460000514984130859e+02 -2.417031228542327881e+02 -7.805070281028747559e+01 7.460000514984130859e+02 7.880535442736763541e-01
4.240000000000000000e+02 2.950000000000000000e+02 7.430000305175781250e-01 -2.407308377631942164e+02 -7.773631214553185487e+01 7.430000305175781250e+02 -2.407311201095581055e+02 -7.773682475090026855e+01 7.430000305175781250e+02 7.848844064323591274e-01
4.240000000000000000e+02 2.950000000000000000e+02 0.000000000000000000e+00 0.000000000000000000e+00 0.000000000000000000e+00 0.000000000000000000e+00 -0.000000000000000000e+00 -0.000000000000000000e+00 0.000000000000000000e+00 0.000000000000000000e+00
4.240000000000000000e+02 2.950000000000000000e+02 7.460000514984130859e-01 -2.417028398282822081e+02 -7.805018907397139571e+01 7.460000514984130859e+02 -2.417031228542327881e+02 -7.805070281028747559e+01 7.460000514984130859e+02 7.880535442736763541e-01
4.240000000000000000e+02 2.950000000000000000e+02 7.430000305175781250e-01 -2.407308377631942164e+02 -7.773631214553185487e+01 7.430000305175781250e+02 -2.407311201095581055e+02 -7.773682475090026855e+01 7.430000305175781250e+02 7.848844064323591274e-01
