8.340000000000000000e+02 4.250000000000000000e+02 1.274000048637390137e+00 3.982701624329774290e+02 1.238682042339008404e+02 1.274000048637390137e+03 3.982695937156677246e+02 1.238673031330108643e+02 1.274000048637390137e+03 1.340536423224658380e+00
8.340000000000000000e+02 4.250000000000000000e+02 1.281000018119812012e+00 4.004584504050006331e+02 1.245487957695189749e+02 1.281000018119812012e+03 4.004578888416290283e+02 1.245478913187980652e+02 1.281000018119812012e+03 1.347901978776799847e+00
8.340000000000000000e+02 4.250000000000000000e+02 1.259000062942504883e+00 3.935809579501488429e+02 1.224097888330953481e+02 1.259000062942504883e+03 3.935804069042205811e+02 1.224089041352272034e+02 1.259000062942504883e+03 1.324753046797670253e+00
8.340000000000000000e+02 4.250000000000000000e+02 1.264000058174133301e+00 3.951440261110917618e+02 1.228959273000305501e+02 1.264000058174133301e+03 3.951434791088104248e+02 1.228950396180152893e+02 1.264000058174133301e+03 1.330014175454209413e+00
8.340000000000000000e+02 4.250000000000000000e+02 1.267000079154968262e+00 3.960818744609545092e+02 1.231876126982826776e+02 1.267000079154968262e+03 3.960812985897064209e+02 1.231867223978042603e+02 1.267000079154968262e+03 1.333170868360960659e+00
8.340000000000000000e+02 4.250000000000000000e+02 1.257000088691711426e+00 3.929557381390686714e+02 1.222153357644123872e+02 1.257000088691711426e+03 3.929551839828491211e+02 1.222144514322280884e+02 1.257000088691711426e+03 1.322648619902068168e+00
8.340000000000000000e+02 4.250000000000000000e+02 1.266000032424926758e+00 3.957692459221720469e+02 1.230903803687134968e+02 1.266000032424926758e+03 3.957686722278594971e+02 1.230894848704338074e+02 1.266000032424926758e+03 1.332118592807182145e+00
8.340000000000000000e+02 4.250000000000000000e+02 1.270000100135803223e+00 3.970197228108169156e+02 1.234792980965348193e+02 1.270000100135803223e+03 3.970191478729248047e+02 1.234784051775932312e+02 1.270000100135803223e+03 1.336327570121897734e+00
8.340000000000000000e+02 4.250000000000000000e+02 1.278000116348266602e+00 3.995206393216225820e+02 1.242571219617221487e+02 1.278000116348266602e+03 3.995200693607330322e+02 1.242562234401702881e+02 1.278000116348266602e+03 1.344745400539373970e+00
8.340000000000000000e+02 4.250000000000000000e+02 1.275000095367431641e+00 3.985827909717598345e+02 1.239654365634700213e+02 1.275000095367431641e+03 3.985822200775146484e+02 1.239645406603813171e+02 1.275000095367431641e+03 1.341588698778436894e+00
8.340000000000000000e+02 4.250000000000000000e+02 1.274000048637390137e+00 3.982701624329774290e+02 1.238682042339008404e+02 1.274000048637390137e+03 3.982695937156677246e+02 1.238673031330108643e+02 1.274000048637390137e+03 1.340536423224658380e+00
8.340000000000000000e+02 4.250000000000000000e+02 1.263000011444091797e+00 3.948313975723093563e+02 1.227986949704613693e+02 1.263000011444091797e+03 3.948308527469635010e+02 1.227978020906448364e+02 1.263000011444091797e+03 1.328961899900431121e+00
8.340000000000000000e+02 4.250000000000000000e+02 1.274000048637390137e+00 3.982701624329774290e+02 1.238682042339008404e+02 1.274000048637390137e+03 3.982695937156677246e+02 1.238673031330108643e+02 1.274000048637390137e+03 1.340536423224658380e+00
8.340000000000000000e+02 4.250000000000000000e+02 1.257000088691711426e+00 3.929557381390686714e+02 1.222153357644123872e+02 1.257000088691711426e+03 3.929551839828491211e+02 1.222144514322280884e+02 1.257000088691711426e+03 1.322648619902068168e+00
8.340000000000000000e+02 4.250000000000000000e+02 1.266000032424926758e+00 3.957692459221720469e+02 1.230903803687134968e+02 1.266000032424926758e+03 3.957686722278594971e+02 1.230894848704338074e+02 1.266000032424926758e+03 1.332118592807182145e+00
