3.930000000000000000e+02 4.960000000000000000e+02 0.000000000000000000e+00 0.000000000000000000e+00 0.000000000000000000e+00 0.000000000000000000e+00 -0.000000000000000000e+00 0.000000000000000000e+00 0.000000000000000000e+00 0.000000000000000000e+00
3.930000000000000000e+02 4.960000000000000000e+02 2.500000000000000000e+00 -9.303313179117873233e+02 5.186760326318174066e+02 2.500000000000000000e+03 -9.303322434425354004e+02 5.186742544174194336e+02 2.500000000000000000e+03 2.717451207544357317e+00
3.930000000000000000e+02 4.960000000000000000e+02 2.546000003814697266e+00 -9.474494155809373979e+02 5.282196724236799810e+02 2.546000003814697266e+03 -9.474503397941589355e+02 5.282178521156311035e+02 2.546000003814697266e+03 2.767452305839100735e+00
3.930000000000000000e+02 4.960000000000000000e+02 2.617000102996826172e+00 -9.738708619185283624e+02 5.429500923277806805e+02 2.617000102996826172e+03 -9.738718271255493164e+02 5.429482460021972656e+02 2.617000102996826172e+03 2.844628037651165009e+00
3.930000000000000000e+02 4.960000000000000000e+02 2.539000034332275391e+00 -9.448444992473679349e+02 5.267673858638052025e+02 2.539000034332275391e+03 -9.448454380035400391e+02 5.267655849456787109e+02 2.539000034332275391e+03 2.759843484246626844e+00
3.930000000000000000e+02 4.960000000000000000e+02 0.000000000000000000e+00 0.000000000000000000e+00 0.000000000000000000e+00 0.000000000000000000e+00 -0.000000000000000000e+00 0.000000000000000000e+00 0.000000000000000000e+00 0.000000000000000000e+00
3.930000000000000000e+02 4.960000000000000000e+02 0.000000000000000000e+00 0.000000000000000000e+00 0.000000000000000000e+00 0.000000000000000000e+00 -0.000000000000000000e+00 0.000000000000000000e+00 0.000000000000000000e+00 0.000000000000000000e+00
3.930000000000000000e+02 4.960000000000000000e+02 2.593000173568725586e+00 -9.649397075286744894e+02 5.379708170560963936e+02 2.593000173568725586e+03 -9.649406671524047852e+02 5.379689931869506836e+02 2.593000173568725586e+03 2.818540584927339943e+00
3.930000000000000000e+02 4.960000000000000000e+02 2.546000003814697266e+00 -9.474494155809373979e+02 5.282196724236799810e+02 2.546000003814697266e+03 -9.474503397941589355e+02 5.282178521156311035e+02 2.546000003814697266e+03 2.767452305839100735e+00
3.930000000000000000e+02 4.960000000000000000e+02 2.573000192642211914e+00 -9.574970640832447089e+02 5.338214127522257968e+02 2.573000192642211914e+03 -9.574980139732360840e+02 5.338195562362670898e+02 2.573000192642211914e+03 2.796800986255517429e+00
3.930000000000000000e+02 4.960000000000000000e+02 2.530000209808349609e+00 -9.414953718032403458e+02 5.249001885524244244e+02 2.530000209808349609e+03 -9.414963126182556152e+02 5.248984098434448242e+02 2.530000209808349609e+03 2.750060855501245349e+00
3.930000000000000000e+02 4.960000000000000000e+02 2.586000204086303711e+00 -9.623347911951050264e+02 5.365185304962217288e+02 2.586000204086303711e+03 -9.623357653617858887e+02 5.365166664123535156e+02 2.586000204086303711e+03 2.810931751958251290e+00
3.930000000000000000e+02 4.960000000000000000e+02 2.621000051498413086e+00 -9.753593728629526822e+02 5.437799632955943707e+02 2.621000051498413086e+03 -9.753603339195251465e+02 5.437781214714050293e+02 2.621000051498413086e+03 2.848975903079782324e+00
3.930000000000000000e+02 4.960000000000000000e+02 2.543000221252441406e+00 -9.463330989151003223e+02 5.275973062964203564e+02 2.543000221252441406e+03 -9.463340640068054199e+02 5.275955200195312500e+02 2.543000221252441406e+03 2.764191621203979210e+00
3.930000000000000000e+02 4.960000000000000000e+02 0.000000000000000000e+00 0.000000000000000000e+00 0.000000000000000000e+00 0.000000000000000000e+00 -0.000000000000000000e+00 0.000000000000000000e+00 0.000000000000000000e+00 0.000000000000000000e+00
